start_time	end_time	duration	x_pos	y_pos	vdx_pos	vdy_pos
0.317161764251068	0.563144991290756	0.245983227039687	690.4	473.6	1.45454545454545	-1.07412587412587
0.589143218589015	0.849125491105951	0.259982272516936	633	396.6	-0.200860832137733	-3.21001390820584
0.873123854747973	1.06711062730756	0.193986772559583	557.6	449.3	-2.35428571428571	-1.74408901251738
1.08510939998087	1.28509576350916	0.199986363528296	579	502.6	-1.75035868005739	-0.262203626220362
1.31109399080742	1.62107285414822	0.309978863340802	577.9	640.6	-1.77936962750716	3.59217877094972
1.6770690359408	1.69906753592659	0.0219984999857843	742.3	1173.1	2.84166666666667	17.1491569390402
1.7630631722277	2.24103058094624	0.477967408718541	629.7	637.4	-0.29640287769784	3.50769230769231
2.26502894458827	2.29502689908259	0.0299979544943199	615.4	520.7	-0.707913669064749	0.243356643356645
2.44701653532684	3.14296908024698	0.695952544920146	602.4	414.1	-1.07275320970043	-2.71191135734072
3.2649607618805	3.42894957994577	0.163988818065263	522.2	501.6	-3.35135135135135	-0.288888888888888
3.4589475345565	3.69893117062747	0.239983636070974	386.9	514.7	-7.09957924263675	0.0745856353591173
3.7169299434172	4.97284430603031	1.25591436261311	346.6	540.1	-8.16133518776078	0.771978021978023
5.02684062416665	5.32082057849038	0.293979954323731	589.3	448.8	-1.45064377682404	-1.75799721835883
5.34081921481993	5.550804896513	0.20998568169307	641.6	485.7	0.0459770114942535	-0.73463687150838
5.56680380553007	5.84478485083673	0.27798104530666	630.6	530.2	-0.270114942528735	0.508379888268158
5.87678266898729	6.02877230523154	0.151989636244252	754.3	506.2	3.2987012987013	-0.162464985994398
6.05277066887356	6.26075648679398	0.207985817920417	869.7	516.9	6.61959654178674	0.137254901960784
6.29675403225701	6.54873685026541	0.2519828180084	677.5	518.3	1.08381502890173	0.176470588235293
6.5707353502512	6.74072375916876	0.169988408917561	601.7	503.4	-1.10057471264368	-0.240559440559441
6.77072171366308	6.98470712266862	0.213985409005545	456.5	500.9	-5.19830028328612	-0.308333333333334
7.01870480447542	7.44667562225368	0.42797081777826	633	505.7	-0.201729106628242	-0.176470588235294
7.46467439492699	7.70065830391832	0.235983908991329	677.1	509.1	1.07070707070707	-0.0812324929971982
7.74265544023365	8.01663675822783	0.273981317994185	866.9	518	6.53890489913545	0.167832167832168
8.0326356672449	8.27061943977606	0.237983772531152	899.4	524.1	7.45402298850575	0.337988826815643
8.49460416694637	8.63259475771338	0.137990590767004	745.7	500.5	3.04610951008646	-0.322128851540616
8.65459325769916	8.85257975757122	0.197986499872059	648.3	508.2	0.238848920863308	-0.106145251396648
8.90457621205132	9.20655562088359	0.301979408832267	972.5	603.5	9.48644793152639	2.54874651810585
9.23055398452561	9.47853707522154	0.247983090695925	1107.5	613.7	13.1136044880785	2.81327800829876
9.50253543886356	9.76451757492032	0.261982136056758	1130.8	534.5	13.6903765690377	0.619834710743802
10.1344923473662	10.1864888019627	0.0519964545965195	1145.1	505.3	14.0305555555556	-0.184065934065934
10.2144868928008	10.6484573015478	0.433970408746973	1142.6	590.1	13.9611111111111	2.15151515151515
10.6804551196983	10.9284382103942	0.247983090695925	967.4	545.3	9.32763532763533	0.928870292887028
10.9484368467238	11.3544091646327	0.405972317908891	892.2	531.7	7.23672883787662	0.55027932960894
11.3744078009622	11.6283904826269	0.253982681664638	836	527.8	5.64841498559078	0.442577030812324
11.6503889826126	11.9103712551296	0.259982272516936	733.4	502.2	2.69164265129683	-0.274509803921569
11.9323697551154	12.2783461639192	0.345976408803836	602.4	494.6	-1.08045977011494	-0.485355648535564
12.2943450729363	12.6223227090668	0.327977636130527	565.8	458.1	-2.12	-1.49930458970793
12.6403214817401	16.2960722062271	3.65575072448701	644.1	504.6	0.117816091954024	-0.206703910614525
16.3100712515879	17.2600064781727	0.949935226584785	615.8	495.2	-0.696402877697843	-0.46993006993007
17.2960040235193	17.735974023235	0.439969999715686	756.5	526.5	3.36705202312139	0.406162464985994
17.7659719777294	17.9819572502747	0.215985272545367	905.4	533.6	7.6154949784792	0.603351955307263
18.007955477573	18.6339127952233	0.625957317650318	1004.9	493.9	10.3664772727273	-0.502777777777778
18.6899089770159	18.8298994314391	0.139990454423241	694.6	532.2	1.57348703170029	0.565034965034966
18.8778961587232	18.9918883858481	0.113992227124982	501	505.1	-3.95448079658606	-0.191666666666666
19.0178866131464	19.3118665674701	0.293979954323731	365.8	483.3	-7.66993006993007	-0.789546079779917
19.3278654764872	19.5338514308678	0.205985954380594	346	540.6	-8.16666666666667	0.785714285714286
19.5538500671973	19.9238248396432	0.369974772445858	346.1	603.5	-8.16388888888889	2.51373626373626
19.9558226577938	20.4077918393305	0.451969181536697	286.4	473.6	-9.70096021947874	-1.04774897680764
20.5137846119469	20.7217704299837	0.207985818036832	788.2	445	4.26474820143885	-1.86629526462396
20.7417690663133	21.0497480659978	0.307978999684565	859.8	464.7	6.31609195402299	-1.31754874651811
21.0677468387876	22.2096689742757	1.14192213548813	812.6	460.2	4.95977011494253	-1.44490934449093
22.2556658377871	22.503648928483	0.247983090695925	560.7	444.4	-2.26248216833095	-1.875173370319
22.5196478376165	23.0976084280992	0.577960590482689	522.4	468.2	-3.34566145092461	-1.21329639889197
23.1136073371163	23.2875954733463	0.173988136230037	448.3	478.3	-5.42291371994342	-0.93222683264177
23.3015945188235	25.5294426080072	2.22784808918368	407.2	511	-6.55774647887324	-0.0276243093922652
25.5434416533681	26.3933836981887	0.849942044820637	447.1	503.6	-5.43380281690141	-0.232044198895027
26.4773779708194	26.5233748344472	0.0459968636278063	416.3	509.8	-6.28370786516854	-0.0606896551724135
26.6713647433789	27.0013422431657	0.329977499786764	343.5	531.2	-8.2246879334258	0.527472527472529
27.0213408794953	27.2693239701912	0.247983090695925	491.1	514.4	-4.1943661971831	0.0663900414937753
27.2953221974894	28.9192114688922	1.62388927140273	641	518.1	0.0286944045911047	0.170153417015342
29.2211908777244	37.5486230530078	8.32743217528332	653.4	499.1	0.385611510791366	-0.36083916083916
37.5666218256811	37.9205976891099	0.353975863428786	588.9	494.2	-1.4705035971223	-0.497902097902098
37.9385964617832	38.2585746432887	0.319978181505576	680.1	456.3	1.15561959654179	-1.55586592178771
38.272573688766	39.524488324183	1.25191463541705	714.4	422.6	2.14409221902017	-2.49372384937238
39.5384873695439	40.0144549147226	0.475967545178719	671.9	432.5	0.917985611510791	-2.21448467966574
40.1244474145351	40.7324059595121	0.607958544977009	681.5	500.9	1.19424460431655	-0.310489510489511
40.9863886411767	42.5662809126079	1.57989227143116	672.7	515.9	0.943722943722945	0.109243697478991
42.6042783217272	42.8082644124515	0.203986090724356	486.8	578.8	-4.35846372688478	1.85813630041724
42.8422620942583	43.2142367303604	0.371974636102095	334.9	567.7	-8.475	1.53232462173315
43.2362352303462	43.5042169573717	0.267981727025472	231.4	560.9	-11.1183673469388	1.33061224489796
43.5182160028489	43.8981900934596	0.379974090610631	190.7	569.6	-12.0779569892473	1.55675675675676
43.9141890024766	44.0961765932152	0.181987590738572	257.7	570.3	-10.3885869565217	1.58423913043478
44.1121755023487	44.3541590021923	0.241983499843627	341	568.6	-8.25966850828729	1.55068493150685
44.3781573657179	45.0001149561722	0.621957590454258	437.2	579.1	-5.71267605633803	1.85615491009682
45.022113456158	45.2500979105243	0.227984454366378	525.7	442.4	-3.24715909090909	-1.93333333333333
45.2660968196578	45.7960606828565	0.529963863198645	635	409	-0.143266475644699	-2.86509040333797
45.8140594555298	45.9680489554303	0.15398949990049	590.7	450.6	-1.41463414634146	-1.71030640668524
45.9940471827285	46.3980196368648	0.403972454136238	500.8	471	-3.9601706970128	-1.13888888888889
46.4160184096545	46.5980060003931	0.181987590738572	570.3	459.4	-1.99427753934192	-1.46314325452017
46.6160047730664	47.4739462723956	0.857941499329172	627	555.4	-0.373563218390805	1.2122905027933
47.489945181529	48.0019102720544	0.511965090525337	583.7	609.3	-1.61318051575931	2.71030640668524
48.0179091810714	51.7456549962517	3.72774581518024	663.5	440.3	0.668563300142248	-1.96978021978022
51.7656536326976	52.0156365870498	0.249982954352163	646.1	293	0.173049645390072	-5.99179206566347
52.0456345415441	52.281618450419	0.235983908874914	644.7	421.4	0.134285714285716	-2.50622406639004
52.3496138140326	52.5476003139047	0.197986499872059	289.7	606.2	-9.55798090040928	2.55630936227951
52.5675989502342	53.2455527223647	0.677953772130422	223.3	599.8	-11.246963562753	2.37297297297297
53.347545767785	53.5215339040151	0.173988136230037	694.2	457.2	1.55523672883788	-1.52646239554318
53.5795299493475	53.793515358353	0.213985409005545	964	413.4	9.19148936170213	-2.72
53.8175137219951	53.9795026764041	0.161988954409026	1069.4	397.4	12.0280112044818	-3.13972602739726
54.0115004945546	54.6434574030573	0.631956908502616	1102	558.9	12.8870292887029	1.29023383768913
54.6974537211936	54.7714486757759	0.0739949545823038	1126	576.3	13.5376044568245	1.76648351648352
54.8314445847645	55.1554224935826	0.323977908818051	1145.9	585.6	14.0332871012483	2.01643835616438
55.2114186753752	55.4114050389035	0.199986363528296	894.1	611.4	7.26	2.76880222841226
55.4374032660853	55.703385129571	0.265981863485649	742.9	615	2.95689655172414	2.86908077994429
55.7233837659005	55.9473684929544	0.223984727053903	669.9	615.4	0.857962697274031	2.88022284122563
55.9933653565822	56.2473480382469	0.253982681664638	449.2	559.9	-5.38222849083216	1.3232044198895
56.2633469472639	56.6813184469938	0.417971499729902	403.2	563.6	-6.62377622377622	1.42148760330579
56.6953174923547	57.7172478097491	1.02193031739444	354.1	561.2	-7.93065187239945	1.34979423868313
57.7352465824224	58.1432187639875	0.407972181565128	329.7	534.8	-8.58367911479945	0.624657534246574
58.2352124911267	58.4271994001465	0.191986909019761	825.3	498.2	5.32471264367816	-0.385474860335196
58.4491979001323	58.8391713089077	0.389973408775404	919.8	511.1	8.01719197707736	-0.0250696378830077
58.8611698088935	59.4691283538705	0.607958544977009	849.1	524.2	6.00862068965517	0.340782122905029
59.4911268538563	60.073087171535	0.58196031767875	778.3	496.1	3.98559077809798	-0.44413407821229
60.1250836260151	60.717043261975	0.591959635959938	478.1	513.6	-4.58640226628895	0.0443828016643557
60.7610402619466	61.0370214434806	0.275981181534007	687.8	414.9	1.36962750716332	-2.69722222222222
61.0630196707789	61.3510000341339	0.287980363355018	825.9	346.4	5.31902718168813	-4.57458563535912
61.3889974432532	62.282936487929	0.89393904467579	955.5	510.4	8.97581792318634	-0.0444444444444451
62.3129344425397	62.5209202604601	0.207985817920417	893.9	387.4	7.23361823361823	-3.44674965421853
62.5409188969061	62.7289060784969	0.18798718159087	833.7	331.4	5.51851851851852	-4.97520661157025
62.7489047148265	63.0928812600905	0.343976545264013	770.9	311.4	3.74	-5.51098901098901
63.1708759418689	63.7868339413544	0.615957999485545	314.8	321	-8.88524590163934	-5.14131897711979
63.8468298503431	64.1788072137861	0.331977363443002	-8.9	798.4	-16.4904701397713	7.40051679586563
64.2188044864452	64.5107845771126	0.291980090667494	81.1	1226.9	-13.9725	17.4578754578755
64.6747733951779	64.8907586677233	0.215985272545367	416.1	637.7	-6.24546722454672	3.4532967032967
64.9447549858596	65.1427414857317	0.197986499872059	345.2	399.2	-8.14364640883978	-3.06938775510204
65.1667398493737	65.4247222582344	0.257982408860698	349	311.6	-8.00550206327373	-5.40890688259109
65.5107163945213	65.7826978488592	0.271981454337947	789.7	305.2	4.26495726495727	-5.68131868131868
65.8026964851888	66.1446731666801	0.34197668149136	869.8	310.4	6.52840909090909	-5.53086419753086
66.1846704394557	66.226667575771	0.0419971363153309	879.3	473.7	6.83714285714286	-1.06388888888889
66.2486660757568	66.6746370299952	0.425970954238437	957.8	512	9.04125177809388	0
66.7626310299383	67.4385849384125	0.675953908474185	331	505.4	-8.57142857142857	-0.18082191780822
67.5485774383415	67.6405711655971	0.0919937272556126	852.7	488.9	6.0945558739255	-0.643454038997215
67.6605698019266	67.9165523471311	0.255982545204461	934.6	499.3	8.40513552068474	-0.352777777777777
67.9325512562646	68.2945265740855	0.361975317820907	974.7	509.5	9.49503546099291	-0.0692520775623269
68.3405234377133	68.7304968464887	0.389973408775404	872.1	322.4	6.60312944523471	-5.21595598349381
68.7464957556222	69.1244699825766	0.377974226954393	826.4	306.6	5.31054131054131	-5.63511659807956
69.1704668462044	69.4944447550224	0.323977908818051	1090	300.3	12.5	-5.72936400541272
69.5104436640395	70.0144093000563	0.503965636016801	1139.4	307.1	13.7386519944979	-5.52291105121294
70.0264084818773	70.1324012544937	0.105992772616446	1161.3	309.7	14.2821917808219	-5.44549125168237
70.1523998908233	70.4483797088033	0.295979817979969	1135.2	307.3	13.6043956043956	-5.51752021563342
70.4723780724453	70.6263675722294	0.153989499784075	978.6	157.5	9.39251040221914	-9.47860962566845
70.6523657995276	70.8543520265957	0.201986227068119	892.4	-44.4	6.94360385144429	-14.3772609819121
70.8723507993855	71.1083347082604	0.235983908874914	832.4	-128.5	5.23537414965986	-16.0929648241206
71.1203338900814	71.7202929805499	0.599959090468474	843	-171	5.48648648648649	-16.9268897149938
71.8302854803624	71.9382781167515	0.107992636389099	465	268	-4.88145048814505	-6.58569500674764
71.9522771621123	72.0762687075185	0.12399154540617	407	300.5	-6.46324549237171	-5.71621621621622
72.0942674801918	73.3021851156373	1.20791763544548	322.3	287.9	-8.71604938271605	-6.04043126684636
73.3161841611145	73.9741392969154	0.657955135800876	333.9	366.1	-8.42090784044017	-3.95392953929539
73.9881383423926	74.042134660529	0.0539963181363419	402.4	406.5	-6.61838440111421	-2.88645690834473
74.1201293421909	74.1501272968017	0.0299979546107352	281.7	1177.6	-9.42894736842105	16.7868852459016
74.2601197967306	74.3701122965431	0.109992499812506	826.8	424.3	5.3447782546495	-2.43611111111111
74.3821114783641	74.6080960690742	0.225984590710141	907	435.1	7.61768901569187	-2.13019390581717
74.6220951145515	76.0479978861986	1.42590277164709	962.4	501	9.15909090909091	-0.304709141274238
76.0699963861844	76.56396270392	0.493966317735612	829.1	497.7	5.41058655221745	-0.397774687065369
76.6619560220279	79.3517726107966	2.68981658876874	328	519.2	-8.63070539419087	0.196990424076609
79.3957696107682	83.4814910166897	4.0857214059215	338.3	298.5	-8.31129476584022	-5.79375848032564
83.5034895166755	83.6974762892351	0.193986772559583	397.8	402.9	-6.7843137254902	-2.99314128943759
83.7854702891782	84.3654307432007	0.579960454022512	935.6	512.8	8.48206599713056	0.0223776223776211
84.40342815232	84.6434117885074	0.239983636187389	901.7	344.3	7.48783977110157	-4.65187239944521
84.6634104248369	85.0093868336407	0.345976408803836	833.6	322.1	5.54727793696275	-5.25311203319502
85.0533838336123	85.3193656969815	0.265981863369234	1073.5	329.5	12.1769662921348	-5
85.4273583332542	86.1253107418306	0.697952408576384	304.3	306.4	-9.23521320495186	-5.56427604871448
86.353295196197	86.6592743323417	0.305979136144742	340.5	519	-8.33101529902643	0.192572214580468
86.673273377819	87.0412482866086	0.36797490878962	385.5	527.2	-7.13884992987377	0.420470262793916
87.135241877404	87.4932174680289	0.357975590624847	953.9	527.9	9.00717360114777	0.444755244755244
87.5292150134919	87.7452002860373	0.215985272545367	755.6	504.1	3.34587554269175	-0.22191011235955
87.7691986496793	88.1251743766479	0.355975726968609	649.5	489.7	0.274566473988439	-0.624649859943978
88.141173285665	88.5271469672443	0.385973681579344	600.6	486.6	-1.13218390804598	-0.71048951048951
88.5531451944262	88.6931356488494	0.139990454423241	394.7	601.8	-6.91960507757405	2.49098474341193
88.7071346943267	89.0111139668152	0.303979272488505	341.5	634.6	-8.31476323119777	3.37741046831956
89.1091072849231	89.4330851937411	0.323977908818051	831.9	643.3	5.54624277456647	3.68302945301543
89.7650625571841	89.9670487842523	0.201986227068119	602.8	709.8	-1.06896551724138	5.50974930362117
89.9810478297295	90.1190384204965	0.137990590767004	551.8	769.4	-2.52360515021459	7.15
90.1370371931698	90.6790002381895	0.541963045019656	438.5	781.2	-5.69209039548023	7.42620689655173
90.694999147323	90.9589811471524	0.263981999829412	579.7	615.6	-1.72039942938659	2.8857938718663
90.9749800561694	99.4464024130721	8.47142235690262	641.6	505.2	0.046109510086456	-0.190476190476191
99.466401049518	99.6123910947936	0.145990045275539	654	469.3	0.402877697841727	-1.1927374301676
99.6263901402708	100.140355094336	0.513964954065159	563.7	481.4	-2.18938307030129	-0.853556485355649
100.152354276157	101.726246956736	1.57389268057887	441.5	516.6	-5.65527065527066	0.127955493741308
101.746245593065	102.146218320122	0.399972727056593	620.5	482.6	-0.561151079136691	-0.821229050279329
102.160217365483	105.244007090339	3.08378972485662	656.3	481.2	0.469064748201438	-0.859135285913529
105.264005726669	105.407995908405	0.143990181735717	589.3	306.2	-1.45064377682404	-5.67724137931035
105.431994272047	105.555985817336	0.123991545289755	493.6	280.3	-4.14730878186969	-6.33926128590971
105.575984453666	105.819967817166	0.243983363499865	405.3	275.7	-6.56503496503496	-6.42993197278912
105.86796454445	105.97195745341	0.103992908960208	581.7	454.2	-1.6728837876614	-1.61227336122734
105.987956362544	106.507920907577	0.519964545033872	667.2	456.5	0.783861671469742	-1.55027932960894
106.561917225714	106.669909861987	0.107992636272684	381.9	398	-7.2398316970547	-3.13617606602476
106.68790863466	106.829898952739	0.141990318079479	292.7	384.3	-9.55433287482806	-3.47482993197279
106.843897998217	107.379861452268	0.535963454050943	253.6	376.7	-10.6008230452675	-3.67164179104478
107.727837724728	108.239802815253	0.511965090525337	593.9	387.2	-1.32091690544413	-3.47632311977716
108.263801178895	108.967753178324	0.703951999428682	653.1	464.4	0.378066378066379	-1.33146853146853
109.011750178295	109.251733814483	0.239983636187389	872.9	452.1	6.71181556195965	-1.67552447552447
109.271732450812	109.669705314096	0.39797286328394	943.6	453.6	8.69914040114613	-1.62900976290098
109.695703541394	110.897621585871	1.20191804447677	876.9	559.9	6.82708933717579	1.34550561797753
110.919620085857	111.13160563109	0.211985545232892	635.2	494.2	-0.138728323699421	-0.498599439775911
111.151604267536	112.059542357689	0.907938090153039	591.5	496.2	-1.39769452449568	-0.442577030812325
112.07154153951	112.483513448271	0.411971908761188	637.3	486.5	-0.0779220779220792	-0.714285714285714
112.499512357288	113.447447720217	0.947935362928547	615.4	462.1	-0.709956709956711	-1.39775910364146
113.46344662935	115.359317355091	1.89587072574068	664.9	463.4	0.719653179190751	-1.36134453781513
115.377316127764	115.46930985502	0.0919937272556126	625.6	535.6	-0.416184971098265	0.661991584852736
115.505307400366	115.693294582074	0.187987181707285	567.1	692.6	-2.0948275862069	5.04469273743017
115.707293627551	115.979275081889	0.271981454337947	599.9	744.6	-1.15229885057471	6.48814504881451
116.015272627235	116.287254081573	0.271981454337947	760.8	732.6	3.49132947976878	6.17927170868347
116.319251899724	116.523237990565	0.203986090840772	684	619.4	1.27167630057803	3.01262272089762
116.583233899553	116.655228990363	0.0719950908096507	682.4	603.8	1.22720694645441	2.5750350631136
116.693226399482	117.221190399025	0.527963999542408	659.7	513.6	0.569364161849712	0.0449438202247197
117.269187126309	117.429176217061	0.159989090752788	435.8	442.9	-5.77652050919378	-1.91412742382272
117.45517444436	117.747154535027	0.291980090667494	299.3	373.7	-9.41160220994475	-3.77353342428377
117.765153307701	118.087131352862	0.321978045161813	249.8	362.2	-10.6466575716235	-4.04864864864865
118.161126307445	118.367112261825	0.205985954380594	549.6	441.5	-2.5865522174535	-1.96652719665272
118.383111170842	119.641025397112	1.25791422626935	646.4	464.9	0.184438040345821	-1.31932773109244
119.685022397083	119.845011487836	0.159989090752788	411.7	501.1	-6.44005641748942	-0.302357836338418
119.865010124282	120.258983260253	0.393973135971464	350.5	502.9	-8.08659217877095	-0.251381215469614
120.364976032986	120.586960896384	0.221984863397665	819.4	326.1	5.1551724137931	-5.14958448753463
120.598960078205	120.808945759898	0.20998568169307	855.2	303.9	6.16618911174785	-5.74861878453039
120.856942487066	121.104925577762	0.247983090695925	1086.6	302.5	12.4923076923077	-5.7162346521146
121.122924350551	121.414904441219	0.291980090667494	1144.5	310.6	13.9557399723375	-5.47282608695652
121.526896804688	121.722883440903	0.195986636215821	339.7	280.1	-8.3185595567867	-6.27604871447902
121.742882077349	122.108857122483	0.365975045133382	281.2	278.6	-9.80327868852459	-6.2741935483871
122.130855622469	122.392837758642	0.261982136173174	369.1	278.1	-7.51456310679612	-6.33017591339648
122.408836667659	122.45283366763	0.0439969999715686	436.4	280.8	-5.71910112359551	-6.29972752043597
122.546827258426	122.604823303875	0.0579960454488173	831	403.8	5.5043227665706	-3.01813110181311
122.62682180386	123.094789894414	0.467968090553768	985.6	478	9.88841201716738	-0.947075208913649
123.118788258056	123.2707778943	0.151989636244252	861.3	488.4	6.36834532374101	-0.660139860139861
123.306775439647	123.442766166874	0.135990727227181	583.5	494.7	-1.63059163059163	-0.484593837535014
123.460764939548	123.88473603013	0.423971090582199	456	506.8	-5.24216524216524	-0.144846796657381
123.91673384828	124.186715438962	0.269981590681709	597	484.8	-1.23741007194245	-0.76083916083916
124.202714348095	124.38670180249	0.18398745439481	664.8	389.6	0.7136690647482	-3.40947075208914
124.398700984311	125.03265775647	0.633956772158854	707.3	322.7	1.93390804597701	-5.24376731301939
125.076654756442	125.22464466549	0.147989909048192	527	422	-3.22857142857143	-2.5
125.242643438163	126.718542800634	1.47589936247095	445.5	496.7	-5.52556818181818	-0.425
126.790537891444	127.170511982054	0.379974090610631	663.1	499.5	0.667630057803469	-0.350631136044881
127.21250911837	127.388497118256	0.175987999886274	832.1	480.4	5.55202312138728	-0.88515406162465
127.430494254571	127.672477754415	0.241983499843627	577.4	458	-1.79885057471264	-1.50837988826816
127.698475981713	128.396428390173	0.697952408459969	475.3	468.2	-4.69230769230769	-1.22005571030641
128.420426753815	128.846397708054	0.425970954238437	547	404.9	-2.6647564469914	-2.983286908078
128.884395117057	129.570348343812	0.685953226755373	523	515	-3.35243553008596	0.0837988826815643
129.582347525633	130.492285479442	0.909937953809276	483.2	522.7	-4.48	0.298882681564247
130.51828370674	130.672273206641	0.15398949990049	647.1	561.6	0.205202312138729	1.39521800281294
130.688272115658	130.866259979201	0.177987863542512	731.3	581.4	2.6463768115942	1.95492957746479
130.880259024561	132.676136568654	1.79587754409295	805.5	614.4	4.78323699421965	2.87640449438202
132.69813506864	133.382088431739	0.683953363099135	1135.3	588.3	13.9521126760563	2.11650485436893
133.396087477216	134.905984521378	1.50989704416133	1098.3	618	12.8016759776536	2.92817679558011
134.923983294168	135.291958202957	0.36797490878962	895.8	605.5	7.28774928774929	2.60808926080893
135.313956702943	135.495944293682	0.181987590738572	762.7	579.1	3.54624277456648	1.88483146067416
135.517942793667	135.719929020735	0.201986227068119	669.1	551	0.841040462427746	1.09550561797753
135.759926293511	136.023908293224	0.263981999712996	513.6	689.6	-3.61142857142857	4.94707520891365
136.071905020508	136.229894247605	0.15798922709655	321	742.3	-8.82434301521439	6.30095759233926
136.253892611247	136.755858383607	0.501965772360563	217.5	708.9	-11.4343707713126	5.32882273342354
136.797855519922	137.48780847399	0.689952954067849	103.1	505.8	-14.1103810775296	-0.165775401069518
137.501807519351	138.633730336674	1.13192281732336	48.9	515.9	-15.3532467532468	0.103723404255319
138.649729245692	138.685726791155	0.035997545463033	135.8	510.2	-13.3917662682603	-0.0484522207267836
138.74572270026	139.903643744765	1.1579210445052	686.7	509.8	1.33619456366238	-0.0614525139664801
139.929641971947	140.153626699117	0.223984727170318	712.7	388	2.0981240981241	-3.46368715083799
140.169625608134	140.495603380608	0.325977772474289	736.2	333	2.76834532374101	-4.96532593619972
140.563598744222	140.767584834946	0.203986090724356	1086.3	317.3	12.5014005602241	-5.31241473396999
140.781583880424	141.433539425372	0.651955544948578	1142.4	331.9	13.9555555555556	-4.91405184174625
141.491535470821	141.651524561574	0.159989090752788	1178.5	629.5	14.896265560166	3.23246217331499
141.671523197903	141.807513925014	0.135990727110766	1184.1	694.6	15.0303867403315	5.0027397260274
141.821512970491	142.179488561116	0.357975590624847	1109.7	733.5	13.1018131101813	6.09353507565337
142.19548747025	142.315479288343	0.119991818093695	1075.1	665.8	12.2736248236953	4.26629680998613
142.329478333704	142.677454606164	0.347976272460073	1103.7	582.3	13.0252808988764	1.9500693481276
142.725451333448	142.89343987871	0.167988545261323	848.9	517.8	6.02886002886003	0.162921348314605
142.933437151485	143.11942446942	0.185987317934632	655.8	507.5	0.456647398843929	-0.126404494382022
143.157421878539	143.697385059902	0.539963181363419	508.1	498.2	-3.76857142857143	-0.384937238493724
143.749381514383	144.207350286772	0.457968772388995	803.7	491.7	4.73121387283237	-0.568627450980392
144.225349059561	144.763312377268	0.537963317707181	874.3	492	6.7521613832853	-0.560224089635854
144.811309104552	145.077290967922	0.265981863369234	637.5	443.5	-0.0720461095100865	-1.91340782122905
145.097289604251	145.361271604081	0.263981999829412	572.4	459.8	-1.93696275071633	-1.45606694560669
145.38127024041	145.595255649299	0.21398540888913	515.2	471.7	-3.56571428571428	-1.12256267409471
145.609254694777	146.16921651247	0.559961817692965	484.6	459.8	-4.42105263157895	-1.45201668984701
146.225212694262	146.687181193964	0.46196849970147	800.7	580.8	4.65123010130246	1.93258426966292
146.713179421145	146.733178057475	0.0199986363295466	457.8	539.5	-5.17613636363636	0.766016713091922
146.969161966466	147.189146966208	0.219984999741428	233.1	469.2	-11.0570652173913	-1.16304347826087
147.203146011685	147.583120102296	0.379974090610631	189.5	469	-12.1265141318977	-1.1637347767253
147.703111920389	148.01109092019	0.30797899980098	752.3	627.2	3.25036179450072	3.23595505617978
148.055087920162	148.525055874255	0.46996795409359	600.9	471.3	-1.12517985611511	-1.13687150837989
148.539054919733	149.055019737454	0.515964817721397	622.4	420.4	-0.506474820143886	-2.5586592178771
149.101016601082	149.698975827894	0.597959226812236	797.2	592	4.54992764109986	2.24719101123595
149.79096955515	149.864964509616	0.0739949544658884	358.9	527.4	-7.87394957983193	0.425414364640883
149.880963418633	150.122946918476	0.241983499843627	229.1	499	-11.2267759562842	-0.354223433242507
150.136945963954	150.342931918334	0.205985954380594	330.3	470.4	-8.51994497936726	-1.13816689466484
150.368930145516	150.572916236357	0.203986090840772	305.7	332.4	-9.19669876203576	-4.87381275440977
150.584915418061	150.852897145203	0.267981727141887	351.9	314.4	-7.9585635359116	-5.36227951153324
150.880895236041	151.008886508644	0.12799127260223	372.4	425.8	-7.46443514644352	-2.36488340192044
151.02888514509	152.268800598569	1.23991545347963	335.6	520.3	-8.47910863509749	0.228335625859696
152.290799098555	152.970752734458	0.679953635903075	428.3	524.1	-5.97179125528914	0.335644937586686
152.984751779819	153.59071046114	0.605958681320772	496.4	513.8	-4.09116809116809	0.0501392757660154
153.778697642847	154.062678279006	0.283980636158958	508.2	515.5	-3.76571428571429	0.0977653631284916
154.082676915335	154.306661642389	0.223984727053903	448.5	527.4	-5.44034090909091	0.428969359331476
154.372657142347	154.608641051338	0.235983908991329	716.6	440.4	2.21707670043415	-2.00560224089636
154.630639551324	154.896621414693	0.265981863369234	801.3	467.9	4.66184971098266	-1.23529411764706
154.922619641991	155.544577232329	0.621957590337843	844.9	583	5.92196531791907	1.9971870604782
155.562576005119	155.772561686696	0.209985681576654	888.8	553.6	7.1907514450867	1.1685393258427
155.80055977765	156.112538504647	0.31197872699704	756.3	587.9	3.37101449275362	2.13802816901408
156.162535095471	156.288526504533	0.125991409062408	466.5	551.6	-4.93598862019915	1.10460251046025
156.314524731715	156.738495822297	0.423971090582199	351.4	552	-8.07272727272727	1.10497237569061
156.754494731431	157.000477958471	0.245983227039687	387.6	518.7	-7.07994389901823	0.185338865836792
157.036475503934	157.184465412865	0.147989908931777	361.2	393.1	-7.76601671309192	-3.26200274348422
157.202464185655	157.402450549067	0.199986363411881	357.5	330.6	-7.84722222222222	-4.94277929155313
157.484444958158	157.704429957899	0.219984999741428	799.8	317.8	4.5919540229885	-5.37950138504155
157.724428594229	158.222394639393	0.497966045164503	867.4	320.7	6.51575931232092	-5.28453038674033
158.246393002919	158.41238168464	0.165988681721501	748.6	349.1	3.12517985611511	-4.51872399445215
158.434380184626	158.688362866291	0.253982681664638	641.1	397.7	0.0317002881844387	-3.18384401114206
158.748358775279	158.90234827518	0.15398949990049	650.9	401.9	0.314121037463976	-3.06685236768802
158.92234691151	159.156330956845	0.233984045335092	530.8	359.6	-3.11111111111111	-4.20994475138121
159.18032932037	160.150263183285	0.969933862914331	406.5	344.3	-6.57746478873239	-4.60714285714286
160.162262365106	160.268255137722	0.105992772616446	491.4	325.5	-4.20963172804533	-5.12362637362637
160.284254046855	160.638229910168	0.353975863312371	565.6	321.6	-2.12268188302425	-5.25241379310345
160.654228819185	160.834216546384	0.17998772719875	623.6	318.4	-0.469914040114613	-5.34806629834254
160.856215046369	161.146195273381	0.289980227011256	723.8	319.2	2.40804597701149	-5.33333333333333
161.172193500679	161.510170454974	0.3379769542953	857.5	334.3	6.24103299856528	-4.92243767313019
161.522169636679	162.068132409011	0.545962772332132	886.8	336.8	7.06151645207439	-4.83977900552486
162.10612981813	162.344113590661	0.237983772531152	738.2	341	2.82183908045977	-4.73684210526316
162.360112499679	162.554099272238	0.193986772559583	671.1	339.5	0.893678160919541	-4.78502080443828
162.568098317715	163.310047726263	0.741949408547953	592.8	330.9	-1.35243553008596	-5.00968188105118
163.336045953445	163.478036271525	0.141990318079479	533.5	421.1	-3.04285714285714	-2.525
163.496035044314	163.906007089419	0.409972045104951	582.6	532.3	-1.64942528735632	0.567832167832167
163.930005453061	169.171648039832	5.24164258677047	633.3	718.4	-0.192528735632185	5.75732217573222
169.195646403357	169.23164394882	0.035997545463033	572.8	650.6	-1.92274678111588	3.86072423398329
169.253642448806	171.077518083737	1.82387563493103	547.8	505	-2.63428571428572	-0.194986072423398
171.097516720067	171.677477174206	0.579960454138927	264.5	373.9	-10.4160887656033	-3.77322404371585
171.745472537703	171.821467355825	0.0759948181221262	466.4	444.4	-4.89703808180536	-1.86740331491713
171.843465855811	173.425357991015	1.58189213520382	619.2	436.2	-0.595135908440628	-2.11142061281337
173.437357172719	176.195169125102	2.75781195238233	648.7	492.9	0.250359712230217	-0.533519553072626
176.2211673524	176.707134215627	0.485966863227077	543.5	509.5	-2.75320970042796	-0.0696378830083565
176.72313312476	177.121105988044	0.39797286328394	577.4	491.6	-1.79113018597997	-0.569037656903765
177.137104897061	180.290889849188	3.15378495212644	648.7	519.7	0.250359712230217	0.215083798882683
180.310888485517	180.684862985159	0.373974499641918	655.4	441.4	0.442528735632183	-1.96657381615599
180.710861212458	180.90884771233	0.197986499872059	776.4	509.2	3.93083573487032	-0.0782122905027936
180.928846348659	183.724655710044	2.79580936138518	653.4	496.5	0.385611510791366	-0.432960893854749
